448.583 0
5.31802 -11.04
-20.118 67.0813
-8.68613 40.6052
-4.05858 30.5263
-3.31847 23.1384
-1.66987 19.7637
-1.42645 15.8595
-1.39293 14.4715
-1.36261 13.1785
-0.936404 12.4391
-1.20963 10.7267
-1.40268 10.1906
-1.54997 8.71053
-0.43297 9.57954
-0.283864 7.79372
-1.16784 7.74766
-1.14246 5.84229
-0.539263 6.55584
-0.204272 6.3313
-0.784382 5.72703
-0.82381 5.6314
-0.911032 4.3897
0.262222 5.15222
-0.860451 5.0745
-1.75247 4.64128
-1.28596 3.80871
-0.871618 4.88076
-0.233469 4.43416
-0.654512 3.82273
0.292203 4.27947
-1.20497 3.48964
-0.3083 3.95541
-1.1948 4.094
-0.926384 3.23013
-1.0541 3.46889
-0.132494 3.7136
-1.02484 2.57041
-0.621905 3.11171
-1.87252 3.64197
-0.616774 3.79388
-0.233448 3.36974
-0.25186 2.31741
-1.08398 1.828
-0.506663 2.07829
-0.321983 2.01747
-0.917649 2.03175
-0.10296 3.17817
-0.841779 1.32704
-0.178435 2.13312
0.22777 2.09671
-0.165432 2.43493
0.341798 1.74453
-0.603009 0.748575
-0.286928 2.59932
-0.790876 2.06524
-0.699604 3.08847
-0.101223 2.1244
-1.13467 1.83958
0.079976 3.09537
0.476309 2.4472
-0.55139 0.830041
-0.617246 1.2636
0.0745214 1.77751
-0.0108522 1.6543
-1.30287 1.41612
-0.891979 1.25885
-1.22543 1.56047
-0.556949 1.97654
-0.229002 1.67458
-0.63394 2.12507
0.476544 1.30572
-0.757811 0.978065
-0.767516 1.88667
0.00270841 1.96605
-0.331549 1.40376
0.13915 2.32386
0.576749 2.18454
-0.31075 2.30952
-0.411389 0.606625
0.0882956 1.78751
-0.000651896 1.00502
-0.0384473 1.20592
-0.780578 1.13601
-1.02688 0.800032
-0.342886 1.31236
0.246476 2.18495
-0.887244 1.61923
0.920068 1.77487
-0.595564 0.74242
-0.242672 2.65974
-1.20639 1.51078
0.548603 0.53396
-0.358156 1.31037
-0.249731 2.20098
-0.866126 0.901188
0.118597 1.75688
0.0541998 1.28738
-0.574381 1.80251
-0.12077 0.62973
-0.443235 0.943194
-0.796034 0.7478
-0.39814 0.448368
0.119336 1.55285
-0.144921 1.19253
0.107321 1.61579
-0.64037 0.730171
0.170693 -0.154899
0.317527 0.724394
-0.617337 0.352346
-0.0788935 0.840932
-0.0760553 1.01858
-0.660108 0.940554
-1.09081 0.369063
-1.66421 0.186718
-0.350443 0.479797
-0.399093 1.33738
-0.811733 0.530441
-1.32953 0.762959
-0.468104 0.416839
-0.4223 1.40942
-0.212078 -0.138244
-0.689079 0.953934
0.281972 0.825988
-0.67839 0.821638
-0.910767 0.888298
-0.553032 0.230646
-1.14419 0.674517
0.0899941 0.470856
-0.315599 0.574791
0.890017 1.02551
-0.494085 1.16013
-0.133327 -0.194247
-0.0949266 1.50089
0.269238 1.28373
0.079371 0.425467
-0.612083 0.181608
-0.823298 1.02885
0.214087 -0.380673
-0.0839628 0.75073
-0.557179 1.09358
0.425181 1.35886
0.924552 0.678598
-1.24255 0.620204
0.008246 1.13383
-0.265458 1.54259
-0.449886 0.527602
0.367047 1.38928
0.0715075 0.869291
-0.580432 1.18898
0.209912 1.49023
-1.62753 1.17298
-0.380546 0.404566
-0.46479 0.907536
0.375291 0.0755306
-0.191126 0.900402
-0.969158 1.05809
-1.14577 0.0847194
0.0705517 0.836823
0.347522 1.02838
0.00881405 1.13979
-0.27951 1.09735
0.275646 0.19272
-0.401166 -0.0121887
-0.19722 0.429892
-0.577332 1.26344
0.205916 0.963691
-0.320453 0.457635
0.626838 1.14299
-0.423405 1.23581
-0.0634076 1.10286
-0.966714 1.28687
-0.689304 0.175997
-0.611296 1.1963
-0.683926 0.883107
-1.43208 0.886833
-0.738463 -0.0959473
-0.815813 0.492868
-0.512349 1.09295
0.866158 1.60648
-1.44718 0.582102
-1.62907 0.795443
0.540933 1.03413
-0.91099 1.69671
-0.621678 0.0212634
-0.778098 0.565096
-0.323121 1.2158
-1.55254 0.61692
-0.119578 1.60564
-0.0272444 0.673758
-0.957943 1.17431
-0.355354 0.866261
-0.388754 0.0734999
0.321045 0.767181
0.688071 0.22617
-0.537053 -0.440779
-0.570728 0.381477
-0.808691 0.428306
-0.553378 1.29855
0.40979 1.1163
0.898839 0.730077
0.480392 1.46751
-1.47721 0.54396
-0.209419 -0.218906
-1.13844 0.215597
-0.283784 0.0746143
-1.1909 1.01248
-1.43609 1.21377
-0.0364437 0.799446
-0.221789 0.479911
-1.12009 0.775177
-0.130699 0.938939
-0.593521 0.266087
0.0249248 0.37247
-0.0687626 1.16922
0.424813 -0.0365122
-0.697241 0.113878
0.0979464 0.080556
-0.0503148 0.502827
0.0544227 0.853391
0.723475 0.415364
-0.48344 -0.0325446
-0.966909 0.0515379
0.278738 0.136403
-0.759371 0.022518
-0.693419 -0.689576
0.390832 1.47642
0.02071 0.658468
-0.358979 -0.797945
-0.537134 0.463541
-0.607108 -0.0940613
-0.38559 -0.265093
-0.324524 0.235183
0.0799689 0.994669
-0.6497 0.431646
-0.218885 -0.0535157
-0.531183 0.0543885
-0.138852 -0.216491
-1.54265 -0.603371
-0.34324 0.237524
-0.284348 0.650596
-0.254121 -0.174444
0.122684 1.21409
-0.32714 0.48913
-0.197179 -0.663136
-0.535709 1.35573
-1.19077 0.299893
-0.675311 -0.31077
-0.914801 0.429641
0.0509138 -0.0896005
0.253235 0.323554
0.248388 0.536032
-0.604203 0.608534
-0.736777 -0.436894
-0.560371 -0.263314
-1.19593 -0.417448
-0.856438 -0.0643616
-0.597315 0.326938
-0.342709 0.346561
-0.0888693 0.664587
0.691026 1.0119
-0.300381 0.0670473
-0.624249 0.116815
-0.322778 -0.0390786
0.215527 1.22164
-1.11049 -0.120687
-0.744427 -0.299307
-0.905798 -0.21713
-0.74468 0.995585
-0.79529 0.66551
-0.48335 0.660233
0.63431 0.386346
-1.48108 -0.965613
-1.23827 -0.301832
-0.131167 -0.0302728
-0.722428 0.324467
-0.580597 0.301784
-0.566461 -0.603071
-0.143787 0.0130751
-0.147891 -0.315068
-0.487495 1.51959
-0.313677 1.00481
-0.0958241 1.43317
-0.843599 0.431417
0.775253 0.0972278
0.339808 0.779273
-0.185741 -0.161111
-0.173174 0.420309
-0.735944 0.0743184
-0.564528 -0.584084
0.0486124 -0.36025
-1.03609 0.989431
-0.580189 -0.15466
-0.342815 0.142973
-0.408647 -0.371608
-0.528834 0.326297
-0.850982 -0.175793
-0.548151 0.923011
-0.601952 1.19383
-0.0383781 -0.0834214
0.416768 0.430391
-1.37153 -1.08331
0.242845 0.0435191
-0.177816 0.656473
-0.183539 0.880642
-0.884324 0.295941
-0.281736 -0.34119
-0.941604 0.513141
0.0392763 -0.262001
-0.97974 0.00613917
-0.128602 1.11922
-0.403595 0.517424
0.1075 0.255644
-0.442123 -0.342286
0.280089 0.58909
-0.118116 0.358456
0.75803 -0.140353
-0.933847 1.09544
0.0581018 -0.358643
-0.0529027 0.304105
-0.535759 0.747388
0.346759 0.953044
-1.15131 -0.290583
-0.0467525 0.434836
0.0886157 -0.21477
-0.464675 -0.609146
-1.00414 -0.896768
-1.0276 0.56321
0.0118677 0.288416
-0.635097 -0.0338407
-0.181949 1.6627
0.66097 1.35805
0.0243006 -0.297538
0.966793 0.590615
0.25798 1.29588
-0.486685 0.935681
0.0360325 0.198417
-0.521271 -0.295983
-0.0641784 0.0863265
-0.646786 -0.717146
-0.193147 -0.15423
0.0477812 0.507263
0.307561 0.770838
0.676345 -0.313381
-0.106748 0.157809
-0.474885 -0.447345
-0.0169098 0.536644
-0.0868882 0.0976919
-0.163651 0.368516
0.12412 -0.0431002
-0.860674 0.537468
-1.44522 0.356231
0.145549 0.75423
-0.352355 -0.0486572
-0.91654 -0.580131
0.367803 0.108747
-0.421134 -0.742536
0.527912 1.74927
-0.0822271 0.94227
-0.0453167 0.341247
-0.775498 -0.990745
-0.0615445 1.42377
-0.771048 1.01198
0.355555 0.140961
-0.420635 0.768812
-0.776588 -0.151353
0.510088 0.297302
-0.438308 0.663857
-0.713208 0.00254673
-1.11107 -0.130711
-0.891983 0.978472
0.356702 0.764115
-0.00714514 0.114717
-0.367803 -1.06034
-1.50191 -0.399746
0.128705 0.596516
-0.717171 -0.543725
-0.603879 0.740336
-0.506151 1.13945
-0.530107 -0.428678
-1.14716 -0.626936
-0.201212 1.15748
0.238596 0.180171
-0.471667 0.294516
-0.280073 -0.651458
-0.210578 -0.0441368
-0.491947 0.399981
-0.876553 0.648288
-0.0123654 -0.14897
-1.45835 0.798699
-0.59385 1.29654
-0.882831 -0.0158478
0.0181569 0.852765
0.166888 -0.0743787
-0.298441 0.683495
0.857833 -0.209268
0.222702 0.735932
-0.350363 -0.443963
-0.0549626 -0.197315
-1.16701 0.145003
-0.331092 -0.948052
-0.143292 0.887987
-0.305174 -0.0692551
-1.65559 -0.333122
0.0415118 -0.129144
-0.464326 0.162159
-1.09089 0.38834
-1.04822 -0.127275
0.0719237 0.895945
-0.529083 0.548844
-0.111161 0.951402
0.980902 -0.173549
1.2919 -0.737976
0.28295 0.122164
-0.747597 -1.04884
0.592666 0.410934
1.01047 -0.147541
-0.00232923 -1.80363
-0.479381 -0.0482049
0.15169 -0.522133
-0.273429 -0.0976859
-0.948528 0.619549
-0.149631 -0.403049
-0.918665 0.882261
0.816687 0.0932462
-1.5001 0.0986335
-0.240455 0.652321
-1.29177 -0.961345
0.12947 -0.109057
0.189171 -0.0971416
0.2433 0.849698
-1.52257 0.294433
-1.15083 0.552491
-0.0158194 -0.236147
-1.43207 -0.355391
-0.0177616 0.112674
0.182102 -1.05716
-0.901084 -0.479486
-0.926102 0.301709
-0.38402 -0.157708
0.376198 1.03915
-1.08841 0.430418
0.578737 0.204257
-0.846317 -0.185591
-0.276169 -0.513739
-1.09796 0.506802
-0.0836845 0.0516995
-1.23848 0.0822004
-0.862433 -0.421022
-0.801191 -0.289292
-0.240924 0.275589
0.0869198 0.186244
0.139489 0.519753
-0.678691 -0.388636
-0.720474 -0.0347974
-0.882573 0.319772
-0.0223742 -0.589345
0.0336644 -0.827021
-0.18685 0.208383
-0.83778 0.371901
0.433582 0.817951
0.147676 0.317027
-0.0753636 -0.164605
0.199391 0.462719
-1.47817 0.410815
-0.556993 -0.707568
-0.539889 0.431131
-0.691674 -0.462735
-0.0137947 -0.251801
0.451023 0.309539
-1.11936 1.07132
-0.712274 -0.00538111
-0.268614 1.56725
-1.13256 -0.293691
-0.321714 0.209828
0.0278605 1.6976
-1.06376 -0.343136
-0.339242 0.326382
-0.140394 0.5878
0.420361 1.17628
-0.592111 0.798512
-0.867175 0.551176
0.0801034 -0.0527222
-1.5264 0.00368738
-0.85164 0.13172
-1.01454 0.639232
-0.492217 1.15301
0.322367 -0.0148754
-0.00756204 -1.07675
-0.197851 -0.227669
-0.772819 1.05516
-0.598404 -0.0485611
-0.144234 0.154203
0.24745 0.434811
-0.807082 0.301389
0.799603 0.279882
-0.546499 -0.553861
-0.40721 -0.287573
-0.203056 -0.105154
-0.00618845 0.410062
-0.396977 0.0735297
0.347534 -0.510495
0.245091 -0.60277
0.235201 -0.753542
-0.733199 -0.644226
-1.26798 0.551494
-0.638236 0.0393486
-0.11189 0.297937
-0.0515621 -0.255221
-0.0536671 -0.21896
0.37569 -1.12065
0.288352 -0.0133305
0.479431 0
0 0
0 0
0 0
0 0
0 0
0 0
0 0
0 0
0 0
0 0
0 0
0 0
0 0
0 0
0 0
0 0
0 0
0 0
0 0
0 0
0 0
0 0
0 0
0 0
0 0
0 0
0 0
0 0
0 0
0 0
0 0
0 0
0 0
0 0
0 0
0 0
0 0
0 0
0 0
0 0
0 0
0 0
0 0
0 0
0 0
0 0
0 0
0 0
0 0
0 0
0 0
0 0
0 0
0 0
0 0
0 0
0 0
0 0
0 0
0 0
0 0
0 0
0 0
0 0
0 0
0 0
0 0
0 0
0 0
0 0
0 0
0 0
0 0
0 0
0 0
0 0
0 0
0 0
0 0
0 0
0 0
0 0
0 0
0 0
0 0
0 0
0 0
0 0
0 0
0 0
0 0
0 0
0 0
0 0
0 0
0 0
0 0
0 0
0 0
0 0
0 0
0 0
0 0
0 0
0 0
0 0
0 0
0 0
0 0
0 0
0 0
0 0
0 0
0 0
0 0
0 0
0 0
0 0
0 0
0 0
0 0
0 0
0 0
0 0
0 0
0 0
0 0
0 0
0 0
0 0
0 0
0 0
0 0
0 0
0 0
0 0
0 0
0 0
0 0
0 0
0 0
0 0
0 0
0 0
0 0
0 0
0 0
0 0
0 0
0 0
0 0
0 0
0 0
0 0
0 0
0 0
0 0
0 0
0 0
0 0
0 0
0 0
0 0
0 0
0 0
0 0
0 0
0 0
0 0
0 0
0 0
0 0
0 0
0 0
0 0
0 0
0 0
0 0
0 0
0 0
0 0
0 0
0 0
0 0
0 0
0 0
0 0
0 0
0 0
0 0
0 0
0 0
0 0
0 0
0 0
0 0
0 0
0 0
0 0
0 0
0 0
0 0
0 0
0 0
0 0
0 0
0 0
0 0
0 0
0 0
0 0
0 0
0 0
0 0
0 0
0 0
0 0
0 0
0 0
0 0
0 0
0 0
0 0
0 0
0 0
0 0
0 0
0 0
0 0
0 0
0 0
0 0
0 0
0 0
0 0
0 0
0 0
0 0
0 0
0 0
0 0
0 0
0 0
0 0
0 0
0 0
0 0
0 0
0 0
0 0
0 0
0 0
0 0
0 0
0 0
0 0
0 0
0 0
0 0
0 0
0 0
0 0
0 0
0 0
0 0
0 0
0 0
0 0
0 0
0 0
0 0
0 0
0 0
0 0
0 0
0 0
0 0
0 0
0 0
0 0
0 0
0 0
0 0
0 0
0 0
0 0
0 0
0 0
0 0
0 0
0 0
0 0
0 0
0 0
0 0
0 0
0 0
0 0
0 0
0 0
0 0
0 0
0 0
0 0
0 0
0 0
0 0
0 0
0 0
0 0
0 0
0 0
0 0
0 0
0 0
0 0
0 0
0 0
0 0
0 0
0 0
0 0
0 0
0 0
0 0
0 0
0 0
0 0
0 0
0 0
0 0
0 0
0 0
0 0
0 0
0 0
0 0
0 0
0 0
0 0
0 0
0 0
0 0
0 0
0 0
0 0
0 0
0 0
0 0
0 0
0 0
0 0
0 0
0 0
0 0
0 0
0 0
0 0
0 0
0 0
0 0
0 0
0 0
0 0
0 0
0 0
0 0
0 0
0 0
0 0
0 0
0 0
0 0
0 0
0 0
0 0
0 0
0 0
0 0
0 0
0 0
0 0
0 0
0 0
0 0
0 0
0 0
0 0
0 0
0 0
0 0
0 0
0 0
0 0
0 0
0 0
0 0
0 0
0 0
0 0
0 0
0 0
0 0
0 0
0 0
0 0
0 0
0 0
0 0
0 0
0 0
0 0
0 0
0 0
0 0
0 0
0 0
0 0
0 0
0 0
0 0
0 0
0 0
0 0
0 0
0 0
0 0
0 0
0 0
0 0
0 0
0 0
0 0
0 0
0 0
0 0
0 0
0 0
0 0
0 0
0 0
0 0
0 0
0 0
0 0
0 0
0 0
0 0
0 0
0 0
0 0
0 0
0 0
0 0
0 0
0 0
0 0
0 0
0 0
0 0
0 0
0 0
0 0
0 0
0 0
0 0
0 0
0 0
0 0
0 0
0 0
0 0
0 0
0 0
0 0
0 0
0 0
0 0
0 0
0 0
0 0
0 0
0 0
0 0
0 0
0 0
0 0
0 0
0 0
0 0
0 0
0 0
0 0
0 0
0 0
0 0
0 0
0 0
0 0
0 0
0 0
0 0
0 0
0 0
0 0
0 0
0 0
0 0
0 0
0 0
0 0
